23940 22940
4068 20555
23491 1418
3565 9563
25536 12968
6451 7522
23638 5973
15302 9569
800 18120
24247 17811
25639 16673
13516 1179
13229 21391
948 17740
4083 22541
3522 25096
19750 17411
14295 11142
25561 25585
21532 18593
20887 13884
13345 19315
20047 5936
24745 10648
20222 15497
203 9649
1341 14264
15144 13314
24052 12250
7308 23466
20249 2926
7558 25579
10190 8897
23249 588
6274 23200
213 25780
5233 7528
13573 7147
24416 18846
17170 10716
22227 11057
14772 18227
7802 2688
24152 19082
22741 22357
14205 10936
24189 25823
15086 14942
22490 8581
17907 18459
17033 4638
18318 20385
16219 24654
7626 11718
16951 23083
23278 6918
6475 20257
17508 18660
4283 1210
1699 12861
10572 12936
7257 19110
22623 21489
22345 3927
6844 17079
12350 24943
20979 2039
10665 9820
18093 10191
15624 1388
9245 17691
17303 11859
20929 824
24849 8714
16672 25742
9394 14016
17908 2961
1618 20180
13706 22383
21581 21204
12826 24041
19428 6641
426 10153
11320 14399
7777 20019
8146 9612
7855 21714
7961 1997
21780 14847
18188 20180
7341 25186
23237 1050
10128 20985
21474 15333
21161 3782
10294 2081
20587 17083
23908 8493
9488 15692
6611 19624
