188514 130524
43987 113767
175539 274140
228177 313974
93394 206325
177900 46915
101881 261496
239516 135350
263943 295965
309791 81571
287719 106657
173075 19955
279848 252647
161549 39689
320383 171714
307024 283992
65447 183680
182236 65121
49278 225916
480 167323
63163 88394
119184 181655
184377 120014
248922 105368
188267 80283
267688 202618
151497 42930
5365 5824
218088 292285
145831 46588
156560 127355
120047 72517
295553 28652
178380 300838
311465 28600
106463 192307
296172 76790
35922 243834
84205 108089
318314 30303
182188 240525
174357 99433
134413 284373
53173 120449
257928 283781
72314 158228
5929 63253
48769 182644
295866 1696
20375 85005
316648 186094
2116 32508
118313 20946
131633 63832
181351 104325
298232 151872
239707 266341
93664 19340
61946 298858
168785 38317
165415 46131
244597 269906
84360 148414
230544 163549
52264 107367
63444 191808
52754 82778
254080 19064
307033 269178
156149 112165
166976 150484
78508 316942
149283 237724
224308 30011
158289 112110
160767 256041
169684 169765
146200 67925
306576 219493
283386 177279
127132 321020
73575 5900
177309 251194
95038 262501
280864 41546
312033 62578
302438 289891
256265 19847
299230 21571
277300 261413
205203 199587
238706 251512
150640 186609
81653 29359
114252 78233
11335 253076
234916 106810
15954 109564
155659 70734
92563 204515
